Name: Empty.105
isFirst: 2
isFemale: 0
mat00: 1.000000
mat01: 0.000000
mat02: 0.000000
mat03: 0.000000
mat10: 0.000000
mat11: 1.000000
mat12: 0.000000
mat13: 1600.000000
mat20: 0.000000
mat21: 0.000000
mat22: 1.000000
mat23: 0.000000
mat30: 0.000000
mat31: 0.000000
mat32: 0.000000
mat33: 1.000000
END
Name: Empty.104
isFirst: 1
isFemale: 1
mat00: 1.000000
mat01: 0.000000
mat02: 0.000000
mat03: 0.000000
mat10: 0.000000
mat11: 1.000000
mat12: 0.000000
mat13: -1600.000000
mat20: 0.000000
mat21: 0.000000
mat22: 1.000000
mat23: 0.000000
mat30: 0.000000
mat31: 0.000000
mat32: 0.000000
mat33: 1.000000
END
